00000000
00001010
00010010
00011010
00100010
00101010
00110010
00111010
01000010
00000000
00100110
00100000
00100111
00000000
00100011
00100000
00000111
00100000
01100110
00000000
01100110
00000000
01100110
00000000
01100110
00000000
00100010
01100000
01000111
00000000
00110010
00100000
00000111
00010000
01000100
01100000
01110100
00000000
00110001
00010000
00000001
01110000
00100110
01000000
01100011
00000000
00100110
01000000
01100011
00000000
01000110
00100000
00110110
00000000
01000110
00100000
00110110
00000000
00100010
00100010
00001111
00000000
00100010
00100010
00001111
00000000
00100101
00100000
00100101
00100000
00100101
00100000
00100101
00100000
00000000
00000000
00000000
00000000
00000000
00000000
00000000
00000000
00000000
00000000
00000000
00000000
00000000
00000000
00000000
00000000