00000000
00010101
00100110
00110111
01001000
01011001
01101010
01111011
10001100
00000000
00100110
00100000
01100110
00000000
00100010
01100000
01000100
01100000
00100110
01000000
01000110
00100000
00100010
00100010
00100101
00100000
00000000
00000000
00000000
00000000
00000000
00000000
00000000
00000000
00000000
00000000
00000000
00000000
00000000
00000000
00000000
00000000
00000000
00000000
00000000
00000000
00000000
00000000
00000000
00000000
00000000
00000000
00000000
00000000
00000000
00000000
00000000
00000000
00000000
00000000
00000000
00000000
00000000
00000000